1693310715.541239
1693310715.6816964
1693310715.8215849
1693310715.9714692
1693310716.0917268
1693310716.2205091
1693310716.3415525
1693310716.4716828
1693310716.5900588
1693310716.7116649
1693310716.8503203
1693310717.0018892
1693310717.1218872
1693310717.2617841
1693310717.4118469
1693310717.5512781
1693310717.6918004
1693310717.8213785
1693310717.9317946
1693310718.0602469
1693310718.2117198
1693310718.3412433
1693310718.4915245
1693310718.6417973
1693310718.8114886
1693310718.9615581
1693310719.1019008
1693310719.1813931
1693310719.2198877
1693310719.2518096
1693310719.2801661
1693310719.3117537
1693310719.3414979
1693310719.3815982
1693310719.4217968
1693310719.4616439
1693310719.4905341
1693310719.5218978
1693310719.5404079
1693310719.5618384
1693310719.5902987
1693310719.611634
1693310719.6318679
1693310719.650034
1693310719.6718116
1693310719.7005115
1693310719.7217381
1693310719.7399895
1693310719.7615294
1693310719.790509
1693310719.8219094
1693310719.8615584
1693310719.8901856
1693310719.9216182
1693310719.9504983
1693310719.9718063
1693310720.0003698
1693310720.0314081
1693310720.0519121
1693310720.0818028
1693310720.1104968
1693310720.1333408
1693310720.1618397
1693310720.1818655
1693310720.2118101
1693310720.2314289
1693310720.2517221
1693310720.2714164
1693310720.2916563
1693310720.3117247
1693310720.3304682
1693310720.351867
1693310720.3815384
1693310720.4118481
1693310720.4412789
1693310720.4718726
1693310720.5014429
1693310720.5404003
1693310720.5718119
1693310720.600462
1693310720.6217275
1693310720.640311
1693310720.6618912
1693310720.6903203
1693310720.7116101
1693310720.7316799
1693310720.7503841
1693310720.7718728
1693310720.8013663
1693310720.8214149
1693310720.8419075
1693310720.8717103
1693310720.9116848
1693310720.960319
1693310721.0113363
1693310721.0715802
1693310721.1516943
1693310721.2316151
1693310721.281405
1693310721.3216956
1693310721.361836
1693310721.4018655
1693310721.4413457
1693310721.471808
1693310721.5019
1693310721.5317955
1693310721.5717063
1693310721.6118617
1693310721.6518009
1693310721.6816945
1693310721.7116559
1693310721.7416539
1693310721.7714949
1693310721.8000329
1693310721.8217978
1693310721.8418407
1693310721.8616366
1693310721.8818524
1693310721.901834
1693310721.9215007
1693310721.9417946
1693310721.9517689
1693310721.9715624
1693310721.9917126
1693310722.0215685
1693310722.0516603
1693310722.0718114
1693310722.0918601
1693310722.1117074
1693310722.1418426
1693310722.1817274
1693310722.2418201
1693310722.291712
1693310722.3216388
1693310722.3415451
1693310722.3618023
1693310722.381412
1693310722.4019029
1693310722.4217882
1693310722.4417005
1693310722.4618399
1693310722.4818158
1693310722.5018468
1693310722.521919
1693310722.5517216
1693310722.5816786
1693310722.6006594
1693310722.6218386
1693310722.6418982
1693310722.6618152
1693310722.6818357
1693310722.7019048
1693310722.7218461
1693310722.7503302
1693310722.7918129
1693310722.8218884
1693310722.8418262
1693310722.8613493
1693310722.8816278
1693310722.9018021
1693310722.921406
1693310722.94191
1693310722.9612854
1693310722.9918683
1693310723.0117009
1693310723.0317173
1693310723.0418391
1693310723.0518663
1693310723.0717239
1693310723.0918047
1693310723.1214452
1693310723.1518128
1693310723.1917205
1693310723.2418139
1693310723.2818952
1693310723.3417873
1693310723.3915
1693310723.4219067
1693310723.4418011
1693310723.4618306
1693310723.4801018
1693310723.5016868
1693310723.5218389
1693310723.5503438
1693310723.591866
1693310723.6317334
1693310723.67172
1693310723.7016578
1693310723.7317064
1693310723.7713192
1693310723.8118188
1693310723.8614488
1693310723.9318144
1693310723.9818158
1693310724.0418494
1693310724.0713458
1693310724.0914052
1693310724.1218381
1693310724.1518424
1693310724.1712115
1693310724.1906099
1693310724.2117028
1693310724.241462
1693310724.2619114
1693310724.2817037
1693310724.3118892
1693310724.3618832
1693310724.4317226
1693310724.491643
1693310724.521863
1693310724.5514288
1693310724.5905223
1693310724.6218686
1693310724.6515474
1693310724.6919055
1693310724.7218287
1693310724.7418931
1693310724.7718546
1693310724.8019538
1693310724.8218474
1693310724.8418882
1693310724.8720226
1693310724.901917
1693310724.9320242
1693310724.9616613
1693310724.9920983
1693310725.022203
1693310725.0517612
1693310725.0820842
1693310725.101794
1693310725.1224802
1693310725.1413262
1693310725.1518154
1693310725.1722298
1693310725.1920855
1693310725.2107017
1693310725.2323742
1693310725.2504716
1693310725.2720158
1693310725.2915206
1693310725.3116271
1693310725.3322403
1693310725.351723
1693310725.370625
1693310725.3916137
1693310725.4109459
1693310725.432117
1693310725.4506934
1693310725.4621482
1693310725.4819505
1693310725.5018291
1693310725.5213509
1693310725.531837
1693310725.5526989
1693310725.5718513
1693310725.591043
1693310725.6128774
1693310725.6302559
1693310725.6526949
1693310725.6711855
1693310725.6918929
1693310725.721801
1693310725.7517753
1693310725.7718439
1693310725.7913756
1693310725.821115
1693310725.8416677
1693310725.8621635
1693310725.8821168
1693310725.9019446
1693310725.9305544
1693310725.9512675
1693310725.9725587
1693310725.9916961
1693310726.0107784
1693310726.0313013
1693310726.0511451
1693310726.0706725
1693310726.0925977
1693310726.1119084
1693310726.1318567
1693310726.1508551
1693310726.1717799
1693310726.1917655
1693310726.2116156
1693310726.2320528
1693310726.2517738
1693310726.2713878
1693310726.2922351
1693310726.3118985
1693310726.3292017
1693310726.3516867
1693310726.3717937
1693310726.3924897
1693310726.4117503
1693310726.4316013
1693310726.4525516
1693310726.470186
1693310726.4919193
1693310726.5112455
1693310726.532119
1693310726.5513935
1693310726.5725672
1693310726.5921509
1693310726.6118457
1693310726.6326232
1693310726.6521859
1693310726.670697
1693310726.6916797
1693310726.7118397
1693310726.7317514
1693310726.752176
1693310726.771755
1693310726.7905741
1693310726.8022304
1693310726.8218656
1693310726.8417864
1693310726.8819246
1693310726.9323819
1693310727.0316684
1693310727.1005061
1693310727.1326926
1693310727.1521077
1693310727.1717527
1693310727.1921968
1693310727.2118907
1693310727.2418664
1693310727.2625358
1693310727.2918117
1693310727.3118086
1693310727.3324265
1693310727.3510549
1693310727.3718297
1693310727.3920393
1693310727.4118233
1693310727.4316943
1693310727.4519567
1693310727.4717064
1693310727.4917588
1693310727.5104334
1693310727.5309029
1693310727.5519161
1693310727.5816844
1693310727.611691
1693310727.6413171
1693310727.672322
1693310727.7017741
1693310727.7321169
1693310727.7518361
1693310727.7713172
1693310727.8022945
1693310727.8517556
1693310727.9118845
1693310727.9521339
1693310727.9816499
1693310728.0123014
1693310728.04179
1693310728.0618477
1693310728.0821555
1693310728.101275
1693310728.1217091
1693310728.1418223
1693310728.1622522
1693310728.1817443
1693310728.2021008
1693310728.2219079
1693310728.242239
1693310728.2618954
1693310728.2817302
1693310728.3018105
1693310728.3222468
1693310728.341049
1693310728.3612983
1693310728.3818135
1693310728.4020591
1693310728.4314139
1693310728.4516807
1693310728.4718678
1693310728.5020206
1693310728.5400321
1693310728.5819674
1693310728.651135
1693310728.6916966
1693310728.72263
1693310728.7420206
1693310728.7615118
1693310728.780818
1693310728.8027518
1693310728.8213749
1693310728.8418705
1693310728.8604734
1693310728.8818166
1693310728.9013712
1693310728.9285364
1693310728.9617031
1693310728.9901848
1693310729.0184689
1693310729.0416567
1693310729.0620904
1693310729.0813656
1693310729.1021032
1693310729.1205566
1693310729.1419656
1693310729.1617088
1693310729.1718082
1693310729.185039
1693310729.2008803
1693310729.21263
1693310729.2226846
1693310729.2319319
1693310729.2417221
1693310729.2617621
1693310729.2821064
1693310729.3012073
1693310729.3217165
1693310729.3417833
1693310729.3622427
1693310729.3823624
1693310729.4120948
1693310729.431828
1693310729.4519649
1693310729.4711883
1693310729.4817967
1693310729.4918311
1693310729.5020785
1693310729.5213995
1693310729.5318165
1693310729.5420868
1693310729.5518663
1693310729.5620377
1693310729.571718
1693310729.581949
1693310729.5912824
1693310729.6014159
1693310729.6118038
1693310729.6218224
1693310729.6321046
1693310729.6423686
1693310729.6626995
1693310729.6797984
1693310729.70189
1693310729.7221005
1693310729.7423508
1693310729.7617216
1693310729.8020439
1693310729.8203797
1693310729.8418703
1693310729.851932
1693310729.8622127
1693310729.8717816
1693310729.8819599
1693310729.8904259
1693310729.9003193
1693310729.9124334
1693310729.9217551
1693310729.9317839
1693310729.9420431
1693310729.9512036
1693310729.9618175
1693310729.9718187
1693310729.9818087
1693310729.9910982
1693310730.0013115
1693310730.0117047
1693310730.0313511
1693310730.071934
1693310730.1024122
1693310730.1309512
1693310730.1519084
1693310730.1620092
1693310730.171886
1693310730.1821125
1693310730.1922474
1693310730.2020962
1693310730.2108879
1693310730.2218468
1693310730.2321491
1693310730.2417309
1693310730.2513814
1693310730.2617011
1693310730.2719169
1693310730.2822676
1693310730.3013351
1693310730.3320475
1693310730.3618238
1693310730.3810172
1693310730.3920958
1693310730.4022489
1693310730.4117939
1693310730.4205835
1693310730.4312403
1693310730.4413531
1693310730.4516804
1693310730.4619172
1693310730.4714644
1693310730.4819465
1693310730.4921947
1693310730.5024922
1693310730.5111334
1693310730.5209167
1693310730.53105
1693310730.5416906
1693310730.5616853
1693310730.6024275
1693310730.6319103
1693310730.6515698
1693310730.6616793
1693310730.6718965
1693310730.6819556
1693310730.6917875
1693310730.7021506
1693310730.7116914
1693310730.7219174
1693310730.730006
1693310730.7414386
1693310730.7516289
1693310730.7616978
1693310730.7719259
1693310730.7808599
1693310730.8025527
1693310730.8192573
1693310730.8316357
1693310730.851815
1693310730.8702376
1693310730.8819444
1693310730.892205
1693310730.9024522
1693310730.9114461
1693310730.9210379
1693310730.9319715
1693310730.9420776
1693310730.9502883
1693310730.9613173
1693310730.9716976
1693310730.9820893
1693310730.9921961
1693310731.0116971
1693310731.0516887
1693310731.0816514
1693310731.1019723
1693310731.1124039
1693310731.1224189
1693310731.1313794
1693310731.1416068
1693310731.1515977
1693310731.1618683
1693310731.1718047
1693310731.1813438
1693310731.1917093
1693310731.201962
1693310731.2121301
1693310731.2202463
1693310731.2422044
1693310731.2698989
1693310731.2814293
1693310731.2917213
1693310731.3105321
1693310731.3320735
1693310731.3528409
1693310731.3707631
1693310731.3821087
1693310731.3921528
1693310731.4018526
1693310731.4103804
1693310731.4217262
1693310731.4319782
1693310731.4421368
1693310731.452029
1693310731.4818368
1693310731.5217052
1693310731.5415719
1693310731.5622823
1693310731.5917568
1693310731.6120284
1693310731.6318982
1693310731.6416051
1693310731.6518281
1693310731.6620581
1693310731.6722169
1693310731.6909518
1693310731.7025044
1693310731.721339
1693310731.7599683
1693310731.8211937
1693310731.8418779
1693310731.8513787
1693310731.8602228
1693310731.8717461
1693310731.8820057
1693310731.8922136
1693310731.9122238
1693310731.9318311
1693310731.951812
1693310731.9718871
1693310731.9818404
1693310732.0020874
1693310732.0221887
1693310732.0421693
1693310732.0689609
1693310732.0916638
1693310732.1116922
1693310732.1421037
1693310732.1522641
1693310732.1604459
1693310732.1705427
1693310732.1808012
1693310732.2020338
1693310732.2213619
1693310732.2418785
1693310732.2618873
1693310732.282192
1693310732.3112235
1693310732.3317022
1693310732.3513618
1693310732.3716986
1693310732.3899612
1693310732.4105997
1693310732.4318871
1693310732.4509447
1693310732.4717724
1693310732.5017893
1693310732.5221431
1693310732.5398741
1693310732.5617533
1693310732.5818913
1693310732.6013639
1693310732.6219347
1693310732.6401947
1693310732.6519506
1693310732.6724486
1693310732.6912582
1693310732.7117777
1693310732.731843
1693310732.7517681
1693310732.7701614
1693310732.7920446
1693310732.8202147
1693310732.8418195
1693310732.8610907
1693310732.881839
1693310732.8996227
1693310732.9210994
1693310732.9425378
1693310732.9718969
1693310732.9910417
1693310733.01143
1693310733.0302372
1693310733.0521021
1693310733.0821345
1693310733.1012876
1693310733.1217897
1693310733.1416218
1693310733.1718755
1693310733.2123332
1693310733.2619534
1693310733.2917252
1693310733.3194983
1693310733.341753
1693310733.3622453
1693310733.381474
1693310733.401742
1693310733.4218967
1693310733.4422946
1693310733.4617927
1693310733.4819255
1693310733.5022416
1693310733.5222156
1693310733.541749
1693310733.5618732
1693310733.5817132
1693310733.601356
1693310733.631943
1693310733.662432
1693310733.6825809
1693310733.7116816
1693310733.7419829
1693310733.7718849
1693310733.8006926
1693310733.842031
1693310733.8904846
1693310733.9117186
1693310733.9303393
1693310733.9523745
1693310733.9716759
1693310733.9916022
1693310734.012042
1693310734.0221374
1693310734.0412939
1693310734.0617344
1693310734.0817127
1693310734.1021798
1693310734.1222274
1693310734.1416099
1693310734.1608522
1693310734.1814408
1693310734.2018297
1693310734.2216086
1693310734.241946
1693310734.2721417
1693310734.3017554
1693310734.342108
1693310734.3714402
1693310734.4014678
1693310734.4321136
1693310734.4606678
1693310734.4816811
1693310734.5014136
1693310734.5216501
1693310734.551862
1693310734.5719244
1693310734.5920479
1693310734.6123576
1693310734.6324708
1693310734.6511369
1693310734.6721115
1693310734.69171
1693310734.7118073
1693310734.7317231
1693310734.7621455
1693310734.7924383
1693310734.8622484
1693310734.9333987
1693310734.9624865
1693310734.9914715
1693310735.0221202
1693310735.0418217
1693310735.0605567
1693310735.0807757
1693310735.1019673
1693310735.1220267
1693310735.142503
1693310735.1621406
1693310735.1816516
1693310735.2019782
1693310735.2316756
1693310735.2717957
1693310735.3411324
1693310735.3716731
1693310735.4010444
1693310735.431731
1693310735.4618351
1693310735.4902632
1693310735.5123985
1693310735.5316803
1693310735.5515661
1693310735.5721271
1693310735.5912046
1693310735.6116936
1693310735.631778
1693310735.6515996
1693310735.6721559
1693310735.7024558
1693310735.7217536
1693310735.7418029
1693310735.7720759
1693310735.8017104
1693310735.8318129
1693310735.8721902
1693310735.9318645
1693310735.9914536
1693310736.052057
1693310736.0910563
1693310736.1303635
1693310736.1620696
1693310736.1916037
1693310736.2212911
1693310736.2519724
1693310736.2709455
1693310736.2923403
1693310736.3120286
1693310736.3322098
1693310736.351722
1693310736.3717189
1693310736.3918521
1693310736.4117887
1693310736.4214971
1693310736.4417217
1693310736.4603431
1693310736.4817865
1693310736.5022647
1693310736.5207605
1693310736.5425758
1693310736.5619068
1693310736.5721688
1693310736.5817735
1693310736.5911241
1693310736.6017144
1693310736.6118248
1693310736.6316719
1693310736.6515641
1693310736.6720517
1693310736.6918218
1693310736.7109473
1693310736.7324615
1693310736.7512491
1693310736.7810268
1693310736.8221533
1693310736.8516159
1693310736.8917048
1693310736.9222255
1693310736.9411573
1693310736.9717491
1693310737.0017517
1693310737.0220897
1693310737.0415726
1693310737.0618367
1693310737.0813873
1693310737.1018569
1693310737.1205702
1693310737.1418481
1693310737.1620512
1693310737.1812725
1693310737.2024124
1693310737.2226248
1693310737.2413485
1693310737.2620864
1693310737.2813799
1693310737.3018565
1693310737.3200366
1693310737.33132
1693310737.3520315
1693310737.3720002
1693310737.3918085
1693310737.4122531
1693310737.4308872
1693310737.4626262
1693310737.4914486
1693310737.5312369
1693310737.5617216
1693310737.6019309
1693310737.6316774
1693310737.6624606
1693310737.6921816
1693310737.7420568
1693310737.80179
1693310737.8417044
1693310737.8809483
1693310737.9123154
1693310737.9324992
1693310737.951854
1693310737.9718108
1693310737.9919243
1693310738.0120935
1693310738.022187
1693310738.0417004
1693310738.0615747
1693310738.0817864
1693310738.1018159
1693310738.1208305
1693310738.1321113
1693310738.1520946
1693310738.1719999
1693310738.1925631
1693310738.2114341
1693310738.2316575
1693310738.2618959
1693310738.2921035
1693310738.3218758
1693310738.365438
1693310738.3919263
1693310738.432179
1693310738.4711087
1693310738.5013697
1693310738.5319943
1693310738.5510039
1693310738.5712461
1693310738.591717
1693310738.6115367
1693310738.6418135
1693310738.6717737
1693310738.6922154
1693310738.7123764
1693310738.7323322
1693310738.7511537
1693310738.7624977
1693310738.781682
1693310738.8019073
1693310738.8217628
1693310738.8416877
1693310738.8617828
1693310738.881695
1693310738.9018786
1693310738.921855
1693310738.9419065
1693310738.962122
1693310738.9823306
1693310739.0124409
1693310739.0417469
1693310739.0728018
1693310739.1021559
1693310739.1320019
1693310739.1617475
1693310739.2017539
1693310739.2419531
1693310739.2711525
1693310739.3024089
1693310739.332623
1693310739.3613739
1693310739.3818753
1693310739.401974
1693310739.4219685
1693310739.4416826
1693310739.461195
1693310739.4819028
1693310739.5018141
1693310739.5218174
1693310739.5417831
1693310739.5517631
1693310739.5617177
1693310739.5721273
1693310739.5822942
1693310739.5921113
1693310739.6022065
1693310739.6111808
1693310739.6224082
1693310739.6324806
1693310739.6425719
1693310739.6622965
1693310739.6818674
1693310739.7013552
1693310739.7220325
1693310739.7410791
1693310739.7617023
1693310739.7810087
1693310739.8015404
1693310739.8218083
1693310739.8417537
1693310739.8720415
1693310739.9122562
1693310739.9653983
1693310740.0320182
1693310740.0802007
1693310740.1118503
1693310740.141643
1693310740.170264
1693310740.1915059
1693310740.2120585
1693310740.232079
1693310740.2518477
1693310740.2724221
1693310740.2919614
1693310740.3114207
1693310740.3315425
1693310740.3511002
1693310740.3719013
1693310740.3912604
1693310740.4112804
1693310740.4317951
1693310740.4517689
1693310740.471755
1693310740.4907236
1693310740.5113952
1693310740.5318115
1693310740.5516963
1693310740.57184
1693310740.5905399
1693310740.6121743
1693310740.6323268
1693310740.6614347
1693310740.6926892
1693310740.732075
1693310740.7916801
1693310740.8503244
1693310740.8902457
1693310740.9220922
1693310740.9503689
1693310740.9724708
1693310740.9926653
1693310741.0109458
1693310741.03181
1693310741.0506728
1693310741.0718627
1693310741.0911808
1693310741.1113734
1693310741.122087
1693310741.1420827
1693310741.1514335
1693310741.1622293
1693310741.177449
1693310741.1913757
1693310741.2011545
1693310741.2117243
1693310741.2318351
1693310741.250797
1693310741.2618265
1693310741.2816157
1693310741.3008647
1693310741.3238573
1693310741.3522017
1693310741.3834188
1693310741.4226038
1693310741.4617577
1693310741.5013278
1693310741.541033
1693310741.5810354
1693310741.621753
1693310741.6507599
1693310741.6820145
1693310741.7120752
1693310741.7420371
1693310741.7724099
1693310741.7910674
1693310741.8121042
1693310741.8316891
1693310741.8511848
1693310741.8718276
1693310741.8919957
1693310741.9117203
1693310741.9320941
1693310741.9517183
1693310741.9717147
1693310741.9917138
1693310742.0114086
1693310742.0318637
1693310742.0516522
1693310742.0719237
1693310742.1015244
1693310742.1311486
1693310742.161113
1693310742.1924481
1693310742.2426231
1693310742.3119605
1693310742.4018373
1693310742.4417272
1693310742.4817569
1693310742.5118699
1693310742.531929
1693310742.5520585
1693310742.5719492
1693310742.5922415
1693310742.6109262
1693310742.6323454
1693310742.6508605
1693310742.6625578
1693310742.6825547
1693310742.7010312
1693310742.7219088
1693310742.7428062
1693310742.7616131
1693310742.7821531
1693310742.8012681
1693310742.8217912
1693310742.8410561
1693310742.8616421
1693310742.9014852
1693310742.9616349
1693310743.0222487
1693310743.0621219
1693310743.0925856
1693310743.122565
1693310743.1613564
1693310743.1916692
1693310743.2218127
1693310743.2609687
1693310743.2921917
1693310743.3223438
1693310743.3519032
1693310743.3715827
1693310743.3917472
1693310743.4113381
1693310743.4317851
1693310743.4500079
1693310743.471518
1693310743.4920218
1693310743.5121787
1693310743.542186
1693310743.5711563
1693310743.592227
1693310743.6122441
1693310743.6425297
1693310743.6617079
1693310743.6819079
1693310743.7018247
1693310743.7217724
1693310743.7519727
1693310743.7820127
1693310743.8116848
1693310743.8817382
1693310743.9418783
1693310743.9906197
1693310744.0418794
1693310744.0823529
1693310744.1123636
1693310744.1425283
1693310744.1625051
1693310744.1813607
1693310744.2017655
1693310744.2217081
1693310744.2413204
1693310744.2619717
1693310744.2813258
1693310744.3017821
1693310744.3220983
1693310744.3416612
1693310744.3618288
1693310744.3805044
1693310744.4017959
1693310744.4217718
1693310744.4417641
1693310744.4618561
1693310744.4817672
1693310744.5017188
1693310744.521822
1693310744.5419183
1693310744.5619562
1693310744.5917511
1693310744.6223094
1693310744.6419303
1693310744.6623898
1693310744.6923273
1693310744.7226353
1693310744.7709875
1693310744.8517222
1693310744.9415138
1693310744.9816034
1693310745.0118663
1693310745.0404179
1693310745.0617738
1693310745.0915594
1693310745.1219759
1693310745.1518033
1693310745.1721373
1693310745.1910274
1693310745.2118163
1693310745.2323017
1693310745.2621894
1693310745.3014798
1693310745.3615797
1693310745.4116256
1693310745.4421337
1693310745.4721591
1693310745.5013711
1693310745.5217206
1693310745.5419505
1693310745.5614319
1693310745.5817535
1693310745.6015475
1693310745.6218429
1693310745.6513958
1693310745.7017913
1693310745.7721133
1693310745.8524387
1693310745.8925149
1693310745.9326136
1693310745.961468
1693310745.9818854
1693310745.991678
1693310746.0106759
1693310746.0206835
1693310746.0315952
1693310746.0417707
1693310746.0610256
1693310746.0818212
1693310746.1092064
1693310746.1319671
1693310746.1815264
1693310746.2021754
1693310746.2217305
1693310746.2418942
1693310746.2605572
1693310746.2718041
1693310746.2815058
1693310746.2917533
1693310746.3018732
1693310746.3213544
1693310746.3418031
1693310746.3817823
1693310746.4420488
1693310746.5121753
1693310746.5319448
1693310746.5523505
1693310746.5710301
1693310746.5807989
1693310746.5922334
1693310746.6125357
1693310746.6315427
1693310746.6525509
1693310746.6704991
1693310746.6914041
1693310746.7217848
1693310746.7698865
1693310746.8019135
1693310746.8697476
1693310746.9695218
1693310747.1415949
1693310747.2611296
1693310747.3425221
1693310747.3826075
1693310747.4120963
1693310747.441735
1693310747.4717307
1693310747.5014856
1693310747.5318964
1693310747.561615
1693310747.5819969
1693310747.6121423
1693310747.651422
1693310747.691803
1693310747.7317128
1693310747.7614529
1693310747.7917068
1693310747.8319113
1693310747.8714411
1693310747.9209225
1693310747.9709926
1693310748.0221617
1693310748.052217
1693310748.0925064
1693310748.1310954
1693310748.1711185
1693310748.2025814
1693310748.2415965
1693310748.2818184
1693310748.3210781
1693310748.3618841
1693310748.4017298
1693310748.4721136
1693310748.5617058
1693310748.6218488
1693310748.6619325
1693310748.7016988
1693310748.7315166
1693310748.7619147
1693310748.7919638
1693310748.8219814
1693310748.8416195
1693310748.8722281
1693310748.9022007
1693310748.9307709
1693310748.9621801
1693310748.9924855
1693310749.0224824
1693310749.0416081
1693310749.0621712
1693310749.1012294
1693310749.1318789
1693310749.1516745
1693310749.1827383
1693310749.2220066
1693310749.2612116
1693310749.3318584
1693310749.37169
1693310749.4018791
1693310749.4411867
1693310749.4818692
1693310749.5115032
1693310749.5400662
1693310749.5706363
1693310749.5918086
1693310749.6103597
1693310749.6319914
1693310749.6718812
1693310749.7020597
1693310749.7321491
1693310749.7921231
1693310749.8324411
1693310749.8822994
1693310749.9224541
1693310749.9814243
1693310750.0716767
1693310750.1117661
1693310750.1517577
1693310750.1915038
1693310750.2219279
1693310750.2518828
1693310750.2719948
1693310750.291482
1693310750.3119986
1693310750.3320997
1693310750.3520484
1693310750.3721478
1693310750.3916962
1693310750.4221947
1693310750.4518182
1693310750.4810138
1693310750.5119131
1693310750.5515215
1693310750.5812619
1693310750.611799
1693310750.6516309
1693310750.6917377
1693310750.7219098
1693310750.751847
1693310750.7901709
1693310750.8220532
1693310750.8512106
1693310750.8821886
1693310750.9111831
1693310750.9422886
1693310750.9714854
1693310751.0023861
1693310751.0220449
1693310751.0423827
1693310751.0624888
1693310751.0917459
1693310751.1125474
1693310751.1417761
1693310751.1715524
1693310751.2116916
1693310751.2418621
1693310751.2918534
1693310751.3519864
1693310751.4821093
1693310751.601733
1693310751.671819
1693310751.7016366
1693310751.7316685
1693310751.761903
1693310751.7917542
1693310751.8117082
1693310751.8418417
1693310751.8718371
1693310751.8917332
1693310751.921977
1693310751.9620273
1693310751.9915938
1693310752.0221732
1693310752.0518632
1693310752.0822177
1693310752.1118674
1693310752.142158
1693310752.1823893
1693310752.2111256
1693310752.2421784
1693310752.2813301
1693310752.3213146
1693310752.3615801
1693310752.3817406
1693310752.4013469
1693310752.4210215
1693310752.4418256
1693310752.4612832
1693310752.4818399
1693310752.5012195
1693310752.5318847
1693310752.561794
1693310752.5919833
1693310752.652107
1693310752.7094707
1693310752.7717636
1693310752.8417878
1693310752.8716969
1693310752.8916914
1693310752.9113603
1693310752.9417219
1693310752.991797
1693310753.031733
1693310753.0817728
1693310753.1919127
1693310753.2819359
1693310753.3822081
1693310753.5024972
1693310753.6022003
1693310753.7025938
1693310753.8211813
1693310753.9508722
1693310754.0221474
1693310754.1217563
1693310754.2518954
1693310754.3705609
1693310754.4814799
1693310754.5806537
1693310754.6918864
1693310754.8022764
1693310754.9122758
1693310755.0324113
1693310755.1406977
1693310755.2507808
1693310755.3828311
1693310755.482003
1693310755.5914249
1693310755.7118733
1693310755.8201084
1693310755.9218779
1693310756.0315499
1693310756.1317501
1693310756.2417111
1693310756.3406236
1693310756.4512296
1693310756.5621855
1693310756.6723084
1693310756.7925811
1693310756.9016569
1693310757.0116947
1693310757.1217985
1693310757.2413845
1693310757.3516872
1693310757.4818664
1693310757.6111023
1693310757.7318099
1693310757.8418205
1693310757.9618301
1693310758.0818655
1693310758.191859
1693310758.3011518
1693310758.4117115
1693310758.5217795
1693310758.6518898
1693310758.7520404
1693310758.8715756
1693310758.9710333
1693310759.0819886
1693310759.2120388
1693310759.3299494
1693310759.4515171
1693310759.5721197
1693310759.6821218
1693310759.7817082
1693310759.8816853
1693310759.9921925
1693310760.1117806
1693310760.2222605
1693310760.3311458
1693310760.4413474
1693310760.5817122
1693310760.7005444
1693310760.8217466
1693310760.9417846
1693310761.05177
1693310761.1700935
1693310761.291739
1693310761.4118483
1693310761.5218382
1693310761.6318839
1693310761.7418633
1693310761.8511665
1693310761.9608645
1693310762.0918624
1693310762.2018661
1693310762.3218782
1693310762.4419036
1693310762.5417447
1693310762.6517856
1693310762.7616153
1693310762.8718848
1693310762.9820299
1693310763.1101251
1693310763.2203841
1693310763.3308012
1693310763.4522538
1693310763.5620954
1693310763.6721327
1693310763.7904444
1693310763.9017322
1693310764.0219247
1693310764.1522672
1693310764.2719867
1693310764.3912458
1693310764.5022726
1693310764.6223533
1693310764.7225342
1693310764.8506234
1693310764.9724231
1693310765.0924506
1693310765.210629
1693310765.3314536
1693310765.4521019
1693310765.5727012
1693310765.6818752
1693310765.8016608
1693310765.9115739
1693310766.0217025
1693310766.1493165
1693310766.2599037
1693310766.3708298
1693310766.4919605
1693310766.6019979
1693310766.7119563
1693310766.8320169
1693310766.9409311
1693310767.0510359
1693310767.1920984
1693310767.312145
1693310767.4216843
1693310767.5414579
1693310767.641957
1693310767.7417984
1693310767.8518083
1693310767.9615288
1693310768.0818412
1693310768.2111988
1693310768.3216732
1693310768.4318602
1693310768.5418642
1693310768.6618891
1693310768.769803
1693310768.8718894
1693310768.9717348
1693310769.081779
1693310769.1999769
1693310769.3220098
1693310769.4319065
1693310769.5418992
1693310769.6518967
1693310769.7520425
1693310769.8517118
1693310769.9620316
1693310770.0720494
1693310770.1903298
1693310770.3005598
1693310770.421819
1693310770.5420926
1693310770.6523383
1693310770.7623606
1693310770.8723743
1693310770.9823906
1693310771.0910659
1693310771.1925459
1693310771.2925196
1693310771.411418
1693310771.5224185
1693310771.6215205
1693310771.7413046
1693310771.8626151
1693310771.9719012
1693310772.0717614
1693310772.1717792
1693310772.2716184
1693310772.3817019
1693310772.4919291
1693310772.581913
1693310772.6919472
1693310772.7918155
1693310772.8919837
1693310772.9915466
1693310773.1020205
1693310773.1909969
1693310773.2921276
1693310773.4021821
1693310773.5114162
1693310773.6218357
1693310773.7317872
1693310773.8419101
1693310773.9518533
1693310774.0618069
1693310774.161813
1693310774.2796462
1693310774.389734
1693310774.5216765
1693310774.6218739
1693310774.7316654
1693310774.8318622
1693310774.9418521
1693310775.0418279
1693310775.1518242
1693310775.2519629
1693310775.3620172
1693310775.4798203
1693310775.5900035
1693310775.7106037
1693310775.8218617
1693310775.9100733
1693310776.0208173
1693310776.1307685
1693310776.2304008
1693310776.3408966
1693310776.4512601
1693310776.5623753
1693310776.6724629
1693310776.7824588
1693310776.8826661
1693310777.0105786
1693310777.1116664
1693310777.2307637
1693310777.3416476
1693310777.4516983
1693310777.560715
1693310777.6713946
1693310777.7918229
1693310777.9018257
1693310778.0019631
1693310778.1019638
1693310778.2020552
1693310778.302108
1693310778.4312062
1693310778.5413344
1693310778.6618335
1693310778.7818406
1693310778.9018712
1693310779.0118899
1693310779.1119022
1693310779.2215962
1693310779.3215179
1693310779.4412923
1693310779.5515862
1693310779.6779723
1693310779.8116529
1693310779.9316833
1693310780.0617352
1693310780.1717544
1693310780.3018513
1693310780.4120224
1693310780.5305364
1693310780.6418798
1693310780.7720098
1693310780.8821919
1693310781.0001171
1693310781.1221089
1693310781.232127
1693310781.3523502
1693310781.4821482
1693310781.5924399
1693310781.7122958
1693310781.832428
1693310781.9510524
1693310782.0525627
1693310782.1610997
1693310782.2917323
1693310782.4027002
1693310782.5206299
1693310782.6516418
1693310782.7616732
1693310782.8716927
1693310782.9821031
1693310783.1013033
1693310783.2011976
1693310783.3113551
1693310783.4216709
1693310783.5317061
1693310783.6419041
1693310783.7516406
1693310783.8717139
1693310783.9911308
1693310784.1017458
1693310784.2118118
1693310784.3218217
1693310784.4217155
1693310784.5316331
1693310784.6417975
1693310784.7417533
1693310784.851898
1693310784.9619951
1693310785.0720851
1693310785.1919503
1693310785.3001754
1693310785.4020178
1693310785.5220926
1693310785.6323218
1693310785.7524767
1693310785.8923039
1693310786.0123296
1693310786.132354
1693310786.2525337
1693310786.3624215
1693310786.4726369
1693310786.592526
1693310786.6916738
1693310786.821739
1693310786.9417739
1693310787.0618081
1693310787.1805923
1693310787.3217154
1693310787.4510312
1693310787.5819664
1693310787.6919196
1693310787.8319206
1693310787.9620855
1693310788.0720079
1693310788.1920528
1693310788.3118403
1693310788.4221299
1693310788.5615573
1693310788.671705
1693310788.8017251
1693310788.9315677
1693310789.0516913
1693310789.1717567
1693310789.291791
1693310789.4117217
1693310789.5217953
1693310789.6319032
1693310789.7498703
1693310789.8716791
1693310789.9919722
1693310790.1120412
1693310790.2317555
1693310790.3420732
1693310790.4618981
1693310790.5721426
1693310790.6922278
1693310790.8119719
1693310790.9323273
1693310791.0424628
1693310791.1703248
1693310791.2923307
1693310791.402353
1693310791.5326066
1693310791.6524074
1693310791.7616866
1693310791.9018841
1693310792.0317397
1693310792.1517849
1693310792.2709613
1693310792.4119656
1693310792.5420165
1693310792.6721017
1693310792.8010249
1693310792.9220772
1693310793.0421541
1693310793.151808
1693310793.2518029
1693310793.3713365
1693310793.470433
1693310793.5916047
1693310793.7012763
1693310793.8217084
1693310793.9415472
1693310794.0617452
1693310794.1718194
1693310794.3018932
1693310794.4101403
1693310794.5306394
1693310794.6419945
1693310794.762013
1693310794.8720405
1693310794.9721887
1693310795.0822072
1693310795.1822028
1693310795.2922385
1693310795.4108741
1693310795.521178
